"1027":
  num_target_links: 2
  partnet_mobility_id: 1027
  scale: 0.4906554666378815
"1033":
  num_target_links: 3
  partnet_mobility_id: 1033
  scale: 0.5483899271738176
"1076":
  num_target_links: 4
  partnet_mobility_id: 1076
  scale: 0.48697259760923023
"1063":
  num_target_links: 1
  partnet_mobility_id: 1063
  scale: 0.5374142421223134
