"1014":
  num_target_links: 1
  partnet_mobility_id: 1014
  scale: 0.49068676519656934
"1078":
  num_target_links: 2
  partnet_mobility_id: 1078
  scale: 0.46855964764314517
"1036":
  num_target_links: 2
  partnet_mobility_id: 1036
  scale: 0.6491547623138934
"1030":
  num_target_links: 1
  partnet_mobility_id: 1030
  scale: 0.5116863476397046
